# relative_time, cycles_done, cur_item, corpus_count, pending_total, pending_favs, map_size, saved_crashes, saved_hangs, max_depth, execs_per_sec, total_execs, edges_found, total_crashes, servers_count
60, 143, 2, 3, 0, 0, 8.33%, 0, 0, 1, 971.72, 53876, 2, 0, 0
68, 155, 2, 3, 0, 0, 8.33%, 0, 0, 1, 49.05, 58320, 2, 0, 0
73, 167, 2, 3, 0, 0, 8.33%, 0, 0, 1, 872.49, 62945, 2, 0, 0
78, 180, 2, 3, 0, 0, 8.33%, 0, 0, 1, 960.93, 67659, 2, 0, 0
84, 198, 2, 3, 0, 0, 8.33%, 0, 0, 1, 1231.54, 74349, 2, 0, 0
89, 217, 2, 3, 0, 0, 8.33%, 0, 0, 1, 1418.16, 81429, 2, 0, 0
94, 235, 2, 3, 0, 0, 8.33%, 0, 0, 1, 1355.26, 88504, 2, 0, 0
99, 254, 2, 3, 0, 0, 8.33%, 0, 0, 1, 1375.62, 95576, 2, 0, 0
104, 264, 2, 3, 0, 0, 8.33%, 0, 0, 1, 1471.30, 99101, 2, 0, 0
109, 284, 2, 3, 0, 0, 8.33%, 0, 0, 1, 1529.12, 106587, 2, 0, 0
114, 306, 2, 3, 0, 0, 8.33%, 0, 0, 1, 1582.10, 114839, 2, 0, 0
119, 327, 2, 3, 0, 0, 8.33%, 0, 0, 1, 1618.54, 122911, 2, 0, 0
124, 351, 2, 3, 0, 0, 8.33%, 0, 0, 1, 1726.73, 131690, 2, 0, 0
129, 367, 2, 3, 0, 0, 8.33%, 0, 0, 1, 1208.80, 137802, 2, 0, 0
135, 379, 2, 3, 0, 0, 8.33%, 0, 0, 1, 965.99, 142454, 2, 0, 0
140, 384, 2, 3, 0, 0, 8.33%, 0, 0, 1, 917.21, 144273, 2, 0, 0
145, 396, 2, 3, 0, 0, 8.33%, 0, 0, 1, 844.25, 148639, 2, 0, 0
150, 408, 2, 3, 0, 0, 8.33%, 0, 0, 1, 904.32, 153064, 2, 0, 0
155, 422, 2, 3, 0, 0, 8.33%, 0, 0, 1, 1037.16, 158579, 2, 0, 0
160, 435, 2, 3, 0, 0, 8.33%, 0, 0, 1, 982.95, 163474, 2, 0, 0
165, 447, 2, 3, 0, 0, 8.33%, 0, 0, 1, 860.36, 167804, 2, 0, 0
170, 466, 2, 3, 0, 0, 8.33%, 0, 0, 1, 1294.57, 175079, 2, 0, 0
175, 474, 2, 3, 0, 0, 8.33%, 0, 0, 1, 867.75, 177903, 2, 0, 0
180, 491, 2, 3, 0, 0, 8.33%, 0, 0, 1, 1223.21, 184428, 2, 0, 0
185, 511, 2, 3, 0, 0, 8.33%, 0, 0, 1, 1467.85, 191938, 2, 0, 0
191, 526, 2, 3, 0, 0, 8.33%, 0, 0, 1, 1133.11, 197302, 2, 0, 0
196, 542, 2, 3, 0, 0, 8.33%, 0, 0, 1, 1182.99, 203352, 2, 0, 0
201, 564, 2, 3, 0, 0, 8.33%, 0, 0, 1, 1559.36, 211710, 2, 0, 0
206, 582, 2, 3, 0, 0, 8.33%, 0, 0, 1, 1367.85, 218559, 2, 0, 0
211, 591, 2, 3, 0, 0, 8.33%, 0, 0, 1, 1600.04, 221911, 2, 0, 0
216, 613, 2, 3, 0, 0, 8.33%, 0, 0, 1, 1709.34, 230271, 2, 0, 0
221, 630, 2, 3, 0, 0, 8.33%, 0, 0, 1, 1292.96, 236381, 2, 0, 0
226, 646, 2, 3, 0, 0, 8.33%, 0, 0, 1, 1299.00, 242504, 2, 0, 0
231, 672, 2, 3, 0, 0, 8.33%, 0, 0, 1, 1779.98, 252215, 2, 0, 0
237, 695, 2, 3, 0, 0, 8.33%, 0, 0, 1, 1674.39, 260688, 2, 0, 0
242, 716, 2, 3, 0, 0, 8.33%, 0, 0, 1, 1594.21, 268754, 2, 0, 0
247, 725, 2, 3, 0, 0, 8.33%, 0, 0, 1, 1792.20, 272241, 2, 0, 0
252, 746, 2, 3, 0, 0, 8.33%, 0, 0, 1, 1579.98, 279962, 2, 0, 0
257, 765, 2, 3, 0, 0, 8.33%, 0, 0, 1, 1422.23, 287036, 2, 0, 0
262, 786, 2, 3, 0, 0, 8.33%, 0, 0, 1, 1542.44, 294854, 2, 0, 0
267, 806, 2, 3, 0, 0, 8.33%, 0, 0, 1, 1519.61, 302429, 2, 0, 0
272, 821, 2, 3, 0, 0, 8.33%, 0, 0, 1, 1188.95, 308199, 2, 0, 0
280, 836, 2, 3, 0, 0, 8.33%, 0, 0, 1, 58.65, 313830, 2, 0, 0
285, 852, 2, 3, 0, 0, 8.33%, 0, 0, 1, 1330.02, 319882, 2, 0, 0
290, 867, 2, 3, 0, 0, 8.33%, 0, 0, 1, 1166.95, 325374, 2, 0, 0
295, 882, 2, 3, 0, 0, 8.33%, 0, 0, 1, 1105.47, 331027, 2, 0, 0
300, 899, 2, 3, 0, 0, 8.33%, 0, 0, 1, 1256.83, 337529, 2, 0, 0
305, 916, 2, 3, 0, 0, 8.33%, 0, 0, 1, 1239.81, 343878, 2, 0, 0
310, 931, 2, 3, 0, 0, 8.33%, 0, 0, 1, 1153.05, 349521, 2, 0, 0
315, 939, 2, 3, 0, 0, 8.33%, 0, 0, 1, 1338.69, 352357, 2, 0, 0
321, 960, 2, 3, 0, 0, 8.33%, 0, 0, 1, 1484.26, 360134, 2, 0, 0
326, 979, 2, 3, 0, 0, 8.33%, 0, 0, 1, 1430.82, 367229, 2, 0, 0
331, 997, 2, 3, 0, 0, 8.33%, 0, 0, 1, 1351.08, 374081, 2, 0, 0
336, 1013, 2, 3, 0, 0, 8.33%, 0, 0, 1, 1183.05, 380003, 2, 0, 0
341, 1030, 2, 3, 0, 0, 8.33%, 0, 0, 1, 1237.05, 386328, 2, 0, 0
346, 1051, 2, 3, 0, 0, 8.33%, 0, 0, 1, 1546.65, 394365, 2, 0, 0
351, 1060, 2, 3, 0, 0, 8.33%, 0, 0, 1, 1612.11, 397788, 2, 0, 0
356, 1077, 2, 3, 0, 0, 8.33%, 0, 0, 1, 1333.01, 404129, 2, 0, 0
361, 1096, 2, 3, 0, 0, 8.33%, 0, 0, 1, 1424.38, 411386, 2, 0, 0
366, 1119, 2, 3, 0, 0, 8.33%, 0, 0, 1, 1633.02, 419987, 2, 0, 0
372, 1139, 2, 3, 0, 0, 8.33%, 0, 0, 1, 1490.62, 427515, 2, 0, 0
377, 1161, 2, 3, 0, 0, 8.33%, 0, 0, 1, 1550.39, 435511, 2, 0, 0
382, 1181, 2, 3, 0, 0, 8.33%, 0, 0, 1, 1506.54, 443265, 2, 0, 0
387, 1190, 2, 3, 0, 0, 8.33%, 0, 0, 1, 1417.66, 446382, 2, 0, 0
392, 1211, 2, 3, 0, 0, 8.33%, 0, 0, 1, 1555.74, 454486, 2, 0, 0
397, 1231, 2, 3, 0, 0, 8.33%, 0, 0, 1, 1509.05, 461863, 2, 0, 0
402, 1249, 2, 3, 0, 0, 8.33%, 0, 0, 1, 1369.75, 468732, 2, 0, 0
407, 1267, 2, 3, 0, 0, 8.33%, 0, 0, 1, 1344.48, 475331, 2, 0, 0
412, 1286, 2, 3, 0, 0, 8.33%, 0, 0, 1, 1422.63, 482636, 2, 0, 0
417, 1304, 2, 3, 0, 0, 8.33%, 0, 0, 1, 1333.97, 489157, 2, 0, 0
422, 1312, 2, 3, 0, 0, 8.33%, 0, 0, 1, 1329.46, 492206, 2, 0, 0
427, 1331, 2, 3, 0, 0, 8.33%, 0, 0, 1, 1387.42, 499482, 2, 0, 0
432, 1348, 2, 3, 0, 0, 8.33%, 0, 0, 1, 1194.32, 505677, 2, 0, 0
437, 1364, 2, 3, 0, 0, 8.33%, 0, 0, 1, 1185.88, 511702, 2, 0, 0
443, 1381, 2, 3, 0, 0, 8.33%, 0, 0, 1, 1232.90, 518154, 2, 0, 0
448, 1394, 2, 3, 0, 0, 8.33%, 0, 0, 1, 983.73, 523065, 2, 0, 0
456, 1409, 2, 3, 0, 0, 8.33%, 0, 0, 1, 31.39, 528693, 2, 0, 0
461, 1422, 2, 3, 0, 0, 8.33%, 0, 0, 1, 946.44, 533466, 2, 0, 0
466, 1442, 2, 3, 0, 0, 8.33%, 0, 0, 1, 1491.38, 540988, 2, 0, 0
471, 1461, 2, 3, 0, 0, 8.33%, 0, 0, 1, 1389.72, 548036, 2, 0, 0
476, 1479, 2, 3, 0, 0, 8.33%, 0, 0, 1, 1416.98, 555011, 2, 0, 0
481, 1507, 2, 3, 0, 0, 8.33%, 0, 0, 1, 2071.88, 565304, 2, 0, 0
486, 1533, 2, 3, 0, 0, 8.33%, 0, 0, 1, 2019.09, 575054, 2, 0, 0
491, 1546, 2, 3, 0, 0, 8.33%, 0, 0, 1, 2794.28, 580061, 2, 0, 0
497, 1577, 2, 3, 0, 0, 8.33%, 0, 0, 1, 2289.20, 591450, 2, 0, 0
502, 1608, 2, 3, 0, 0, 8.33%, 0, 0, 1, 2349.41, 603404, 2, 0, 0
507, 1637, 2, 3, 0, 0, 8.33%, 0, 0, 1, 2186.80, 614279, 2, 0, 0
512, 1664, 2, 3, 0, 0, 8.33%, 0, 0, 1, 2135.80, 624329, 2, 0, 0
517, 1690, 2, 3, 0, 0, 8.33%, 0, 0, 1, 2071.78, 634079, 2, 0, 0
522, 1713, 2, 3, 0, 0, 8.33%, 0, 0, 1, 2011.84, 642520, 2, 0, 0
527, 1724, 2, 3, 0, 0, 8.33%, 0, 0, 1, 2467.81, 646729, 2, 0, 0
532, 1753, 2, 3, 0, 0, 8.33%, 0, 0, 1, 2191.78, 657704, 2, 0, 0
537, 1776, 2, 3, 0, 0, 8.33%, 0, 0, 1, 1868.25, 666179, 2, 0, 0
542, 1802, 2, 3, 0, 0, 8.33%, 0, 0, 1, 1929.79, 675968, 2, 0, 0
547, 1833, 2, 3, 0, 0, 8.33%, 0, 0, 1, 2184.37, 687779, 2, 0, 0
552, 1858, 2, 3, 0, 0, 8.33%, 0, 0, 1, 1856.76, 697004, 2, 0, 0
558, 1890, 2, 3, 0, 0, 8.33%, 0, 0, 1, 2111.44, 708929, 2, 0, 0
563, 1903, 2, 3, 0, 0, 8.33%, 0, 0, 1, 2561.27, 713857, 2, 0, 0
568, 1933, 2, 3, 0, 0, 8.33%, 0, 0, 1, 2283.38, 725175, 2, 0, 0
573, 1966, 2, 3, 0, 0, 8.33%, 0, 0, 1, 2464.26, 737553, 2, 0, 0
578, 1996, 2, 3, 0, 0, 8.33%, 0, 0, 1, 2241.33, 748680, 2, 0, 0
583, 2025, 2, 3, 0, 0, 8.33%, 0, 0, 1, 2139.91, 759629, 2, 0, 0
588, 2059, 2, 3, 0, 0, 8.33%, 0, 0, 1, 2456.65, 772429, 2, 0, 0
593, 2091, 2, 3, 0, 0, 8.33%, 0, 0, 1, 2413.37, 784454, 2, 0, 0
598, 2104, 2, 3, 0, 0, 8.33%, 0, 0, 1, 2060.39, 789104, 2, 0, 0
604, 2134, 2, 3, 0, 0, 8.33%, 0, 0, 1, 2249.04, 800399, 2, 0, 0
609, 2160, 2, 3, 0, 0, 8.33%, 0, 0, 1, 2028.50, 810404, 2, 0, 0
614, 2194, 2, 3, 0, 0, 8.33%, 0, 0, 1, 2352.02, 822901, 2, 0, 0
619, 2227, 2, 3, 0, 0, 8.33%, 0, 0, 1, 2446.94, 835428, 2, 0, 0
624, 2257, 2, 3, 0, 0, 8.33%, 0, 0, 1, 2202.03, 846779, 2, 0, 0
632, 2283, 2, 3, 0, 0, 8.33%, 0, 0, 1, 36.65, 856155, 2, 0, 0
637, 2313, 2, 3, 0, 0, 8.33%, 0, 0, 1, 2313.57, 867601, 2, 0, 0
642, 2342, 2, 3, 0, 0, 8.33%, 0, 0, 1, 2253.77, 878474, 2, 0, 0
647, 2374, 2, 3, 0, 0, 8.33%, 0, 0, 1, 2324.00, 890654, 2, 0, 0
652, 2406, 2, 3, 0, 0, 8.33%, 0, 0, 1, 2353.94, 902626, 2, 0, 0
657, 2438, 2, 3, 0, 0, 8.33%, 0, 0, 1, 2321.92, 914552, 2, 0, 0
662, 2469, 2, 3, 0, 0, 8.33%, 0, 0, 1, 2237.65, 926250, 2, 0, 0
667, 2483, 2, 3, 0, 0, 8.33%, 0, 0, 1, 2490.13, 931204, 2, 0, 0
672, 2514, 2, 3, 0, 0, 8.33%, 0, 0, 1, 2468.56, 943054, 2, 0, 0
677, 2545, 2, 3, 0, 0, 8.33%, 0, 0, 1, 2301.68, 954704, 2, 0, 0
682, 2580, 2, 3, 0, 0, 8.33%, 0, 0, 1, 2495.31, 967904, 2, 0, 0
687, 2606, 2, 3, 0, 0, 8.33%, 0, 0, 1, 2016.46, 977579, 2, 0, 0
693, 2631, 2, 3, 0, 0, 8.33%, 0, 0, 1, 1786.69, 986727, 2, 0, 0
698, 2656, 2, 3, 0, 0, 8.33%, 0, 0, 1, 1820.16, 996102, 2, 0, 0
703, 2666, 2, 3, 0, 0, 8.33%, 0, 0, 1, 2459.37, 1000130, 2, 0, 0
708, 2693, 2, 3, 0, 0, 8.33%, 0, 0, 1, 2053.62, 1010170, 2, 0, 0
713, 2719, 2, 3, 0, 0, 8.33%, 0, 0, 1, 1965.83, 1019879, 2, 0, 0
718, 2745, 2, 3, 0, 0, 8.33%, 0, 0, 1, 1989.01, 1029629, 2, 0, 0
723, 2773, 2, 3, 0, 0, 8.33%, 0, 0, 1, 2063.59, 1039979, 2, 0, 0
728, 2798, 2, 3, 0, 0, 8.33%, 0, 0, 1, 1888.88, 1049354, 2, 0, 0
733, 2823, 2, 3, 0, 0, 8.33%, 0, 0, 1, 2030.62, 1058995, 2, 0, 0
738, 2834, 2, 3, 0, 0, 8.33%, 0, 0, 1, 1668.16, 1063112, 2, 0, 0
743, 2867, 2, 3, 0, 0, 8.33%, 0, 0, 1, 2223.96, 1075379, 2, 0, 0
749, 2900, 2, 3, 0, 0, 8.33%, 0, 0, 1, 2308.43, 1087577, 2, 0, 0
754, 2931, 2, 3, 0, 0, 8.33%, 0, 0, 1, 2206.17, 1099198, 2, 0, 0
759, 2963, 2, 3, 0, 0, 8.33%, 0, 0, 1, 2295.09, 1111379, 2, 0, 0
764, 2994, 2, 3, 0, 0, 8.33%, 0, 0, 1, 2325.33, 1122975, 2, 0, 0
769, 3023, 2, 3, 0, 0, 8.33%, 0, 0, 1, 2139.64, 1133729, 2, 0, 0
774, 3038, 2, 3, 0, 0, 8.33%, 0, 0, 1, 2606.61, 1139481, 2, 0, 0
780, 3071, 2, 3, 0, 0, 8.33%, 0, 0, 1, 2380.11, 1151879, 2, 0, 0
785, 3102, 2, 3, 0, 0, 8.33%, 0, 0, 1, 2308.34, 1163579, 2, 0, 0
790, 3131, 2, 3, 0, 0, 8.33%, 0, 0, 1, 2234.00, 1174424, 2, 0, 0
795, 3164, 2, 3, 0, 0, 8.33%, 0, 0, 1, 2363.56, 1186904, 2, 0, 0
800, 3195, 2, 3, 0, 0, 8.33%, 0, 0, 1, 2241.82, 1198499, 2, 0, 0
807, 3225, 2, 3, 0, 0, 8.33%, 0, 0, 1, 169.52, 1209526, 2, 0, 0
813, 3258, 2, 3, 0, 0, 8.33%, 0, 0, 1, 2586.58, 1221854, 2, 0, 0
818, 3283, 2, 3, 0, 0, 8.33%, 0, 0, 1, 2035.18, 1231304, 2, 0, 0
823, 3316, 2, 3, 0, 0, 8.33%, 0, 0, 1, 2306.97, 1243576, 2, 0, 0
828, 3347, 2, 3, 0, 0, 8.33%, 0, 0, 1, 2347.87, 1255201, 2, 0, 0
833, 3376, 2, 3, 0, 0, 8.33%, 0, 0, 1, 2169.04, 1266329, 2, 0, 0
838, 3407, 2, 3, 0, 0, 8.33%, 0, 0, 1, 2298.70, 1277954, 2, 0, 0
843, 3420, 2, 3, 0, 0, 8.33%, 0, 0, 1, 1671.06, 1282789, 2, 0, 0
848, 3450, 2, 3, 0, 0, 8.33%, 0, 0, 1, 2056.38, 1293929, 2, 0, 0
854, 3481, 2, 3, 0, 0, 8.33%, 0, 0, 1, 2213.97, 1305779, 2, 0, 0
859, 3513, 2, 3, 0, 0, 8.33%, 0, 0, 1, 2346.26, 1317526, 2, 0, 0
864, 3536, 2, 3, 0, 0, 8.33%, 0, 0, 1, 1783.68, 1326066, 2, 0, 0
869, 3557, 2, 3, 0, 0, 8.33%, 0, 0, 1, 1731.69, 1333938, 2, 0, 0
874, 3587, 2, 3, 0, 0, 8.33%, 0, 0, 1, 2091.88, 1345196, 2, 0, 0
879, 3598, 2, 3, 0, 0, 8.33%, 0, 0, 1, 1912.54, 1349654, 2, 0, 0
884, 3628, 2, 3, 0, 0, 8.33%, 0, 0, 1, 2166.03, 1360798, 2, 0, 0
889, 3660, 2, 3, 0, 0, 8.33%, 0, 0, 1, 2300.74, 1372679, 2, 0, 0
894, 3689, 2, 3, 0, 0, 8.33%, 0, 0, 1, 2145.74, 1383704, 2, 0, 0
899, 3720, 2, 3, 0, 0, 8.33%, 0, 0, 1, 2228.47, 1395225, 2, 0, 0
904, 3746, 2, 3, 0, 0, 8.33%, 0, 0, 1, 2120.96, 1404821, 2, 0, 0
909, 3770, 2, 3, 0, 0, 8.33%, 0, 0, 1, 1923.28, 1414154, 2, 0, 0
915, 3783, 2, 3, 0, 0, 8.33%, 0, 0, 1, 2276.28, 1418804, 2, 0, 0
920, 3814, 2, 3, 0, 0, 8.33%, 0, 0, 1, 2325.01, 1430552, 2, 0, 0
925, 3840, 2, 3, 0, 0, 8.33%, 0, 0, 1, 2040.67, 1440295, 2, 0, 0
930, 3874, 2, 3, 0, 0, 8.33%, 0, 0, 1, 2462.40, 1453053, 2, 0, 0
935, 3904, 2, 3, 0, 0, 8.33%, 0, 0, 1, 2305.20, 1464301, 2, 0, 0
940, 3946, 2, 3, 0, 0, 8.33%, 0, 0, 1, 3048.85, 1480139, 2, 0, 0
948, 3994, 2, 3, 0, 0, 8.33%, 0, 0, 1, 50.17, 1497996, 2, 0, 0
953, 4045, 2, 3, 0, 0, 8.33%, 0, 0, 1, 3884.41, 1517054, 2, 0, 0
958, 4090, 2, 3, 0, 0, 8.33%, 0, 0, 1, 3375.45, 1534073, 2, 0, 0
963, 4115, 2, 3, 0, 0, 8.33%, 0, 0, 1, 2236.18, 1543348, 2, 0, 0
969, 4139, 2, 3, 0, 0, 8.33%, 0, 0, 1, 1895.89, 1552267, 2, 0, 0
974, 4160, 2, 3, 0, 0, 8.33%, 0, 0, 1, 1481.37, 1560090, 2, 0, 0
979, 4177, 2, 3, 0, 0, 8.33%, 0, 0, 1, 1354.72, 1566582, 2, 0, 0
984, 4183, 2, 3, 0, 0, 8.33%, 0, 0, 1, 997.51, 1568993, 2, 0, 0
989, 4196, 2, 3, 0, 0, 8.33%, 0, 0, 1, 971.51, 1573774, 2, 0, 0
994, 4211, 2, 3, 0, 0, 8.33%, 0, 0, 1, 1083.67, 1579529, 2, 0, 0
999, 4228, 2, 3, 0, 0, 8.33%, 0, 0, 1, 1168.64, 1585726, 2, 0, 0
1004, 4239, 2, 3, 0, 0, 8.33%, 0, 0, 1, 860.52, 1589879, 2, 0, 0
1009, 4253, 2, 3, 0, 0, 8.33%, 0, 0, 1, 1183.10, 1595274, 2, 0, 0
1015, 4272, 2, 3, 0, 0, 8.33%, 0, 0, 1, 1390.43, 1602329, 2, 0, 0
1020, 4281, 2, 3, 0, 0, 8.33%, 0, 0, 1, 1386.80, 1605461, 2, 0, 0
1025, 4310, 2, 3, 0, 0, 8.33%, 0, 0, 1, 2020.19, 1616504, 2, 0, 0
1030, 4339, 2, 3, 0, 0, 8.33%, 0, 0, 1, 2111.53, 1627346, 2, 0, 0
1035, 4371, 2, 3, 0, 0, 8.33%, 0, 0, 1, 2368.88, 1639304, 2, 0, 0
1040, 4399, 2, 3, 0, 0, 8.33%, 0, 0, 1, 2193.30, 1650029, 2, 0, 0
1045, 4429, 2, 3, 0, 0, 8.33%, 0, 0, 1, 2218.19, 1661249, 2, 0, 0
1050, 4455, 2, 3, 0, 0, 8.33%, 0, 0, 1, 2146.53, 1670997, 2, 0, 0
1055, 4463, 2, 3, 0, 0, 8.33%, 0, 0, 1, 1264.13, 1673729, 2, 0, 0
1060, 4488, 2, 3, 0, 0, 8.33%, 0, 0, 1, 1820.83, 1683175, 2, 0, 0
1065, 4516, 2, 3, 0, 0, 8.33%, 0, 0, 1, 2073.03, 1693829, 2, 0, 0
1070, 4540, 2, 3, 0, 0, 8.33%, 0, 0, 1, 1850.47, 1702602, 2, 0, 0
1076, 4570, 2, 3, 0, 0, 8.33%, 0, 0, 1, 2030.83, 1713854, 2, 0, 0
1081, 4599, 2, 3, 0, 0, 8.33%, 0, 0, 1, 2169.44, 1724847, 2, 0, 0
1086, 4621, 2, 3, 0, 0, 8.33%, 0, 0, 1, 1663.62, 1733273, 2, 0, 0
1091, 4630, 2, 3, 0, 0, 8.33%, 0, 0, 1, 1669.76, 1736571, 2, 0, 0
1096, 4653, 2, 3, 0, 0, 8.33%, 0, 0, 1, 1729.14, 1745165, 2, 0, 0
1101, 4671, 2, 3, 0, 0, 8.33%, 0, 0, 1, 1429.18, 1751936, 2, 0, 0
1106, 4688, 2, 3, 0, 0, 8.33%, 0, 0, 1, 1194.86, 1758076, 2, 0, 0
1111, 4706, 2, 3, 0, 0, 8.33%, 0, 0, 1, 1344.98, 1764881, 2, 0, 0
1116, 4725, 2, 3, 0, 0, 8.33%, 0, 0, 1, 1439.53, 1772084, 2, 0, 0
1124, 4740, 2, 3, 0, 0, 8.33%, 0, 0, 1, 88.96, 1777726, 2, 0, 0
1129, 4770, 2, 3, 0, 0, 8.33%, 0, 0, 1, 2028.48, 1788895, 2, 0, 0
1134, 4796, 2, 3, 0, 0, 8.33%, 0, 0, 1, 2008.37, 1798679, 2, 0, 0
1139, 4826, 2, 3, 0, 0, 8.33%, 0, 0, 1, 2143.77, 1809823, 2, 0, 0
1144, 4855, 2, 3, 0, 0, 8.33%, 0, 0, 1, 2122.42, 1820696, 2, 0, 0
1150, 4876, 2, 3, 0, 0, 8.33%, 0, 0, 1, 1744.84, 1828823, 2, 0, 0
1155, 4904, 2, 3, 0, 0, 8.33%, 0, 0, 1, 2057.87, 1839372, 2, 0, 0
1160, 4916, 2, 3, 0, 0, 8.33%, 0, 0, 1, 2665.33, 1843883, 2, 0, 0
1165, 4945, 2, 3, 0, 0, 8.33%, 0, 0, 1, 2305.16, 1854675, 2, 0, 0
1170, 4968, 2, 3, 0, 0, 8.33%, 0, 0, 1, 1803.38, 1863179, 2, 0, 0
1175, 4993, 2, 3, 0, 0, 8.33%, 0, 0, 1, 1968.64, 1872742, 2, 0, 0
1180, 5017, 2, 3, 0, 0, 8.33%, 0, 0, 1, 1956.86, 1881554, 2, 0, 0
1185, 5043, 2, 3, 0, 0, 8.33%, 0, 0, 1, 1906.69, 1891418, 2, 0, 0
1190, 5069, 2, 3, 0, 0, 8.33%, 0, 0, 1, 1942.97, 1901129, 2, 0, 0
1195, 5080, 2, 3, 0, 0, 8.33%, 0, 0, 1, 2472.76, 1905080, 2, 0, 0
1200, 5105, 2, 3, 0, 0, 8.33%, 0, 0, 1, 2378.50, 1914678, 2, 0, 0
1205, 5129, 2, 3, 0, 0, 8.33%, 0, 0, 1, 1959.74, 1923670, 2, 0, 0
1210, 5151, 2, 3, 0, 0, 8.33%, 0, 0, 1, 1585.97, 1931762, 2, 0, 0
1215, 5171, 2, 3, 0, 0, 8.33%, 0, 0, 1, 1695.92, 1939338, 2, 0, 0
1220, 5199, 2, 3, 0, 0, 8.33%, 0, 0, 1, 1929.27, 1949844, 2, 0, 0
1226, 5226, 2, 3, 0, 0, 8.33%, 0, 0, 1, 1982.82, 1959968, 2, 0, 0
1231, 5247, 2, 3, 0, 0, 8.33%, 0, 0, 1, 3999.13, 1967954, 2, 0, 0
1236, 5296, 2, 3, 0, 0, 8.33%, 0, 0, 1, 3604.40, 1986101, 2, 0, 0
1241, 5328, 2, 3, 0, 0, 8.33%, 0, 0, 1, 2588.35, 1998307, 2, 0, 0
1246, 5363, 2, 3, 0, 0, 8.33%, 0, 0, 1, 2842.79, 2011511, 2, 0, 0
1251, 5389, 2, 3, 0, 0, 8.33%, 0, 0, 1, 1965.07, 2021170, 2, 0, 0
1256, 5415, 2, 3, 0, 0, 8.33%, 0, 0, 1, 1955.87, 2030768, 2, 0, 0
1261, 5442, 2, 3, 0, 0, 8.33%, 0, 0, 1, 2060.78, 2041079, 2, 0, 0
1266, 5452, 2, 3, 0, 0, 8.33%, 0, 0, 1, 1521.02, 2044888, 2, 0, 0
1271, 5480, 2, 3, 0, 0, 8.33%, 0, 0, 1, 1988.76, 2055068, 2, 0, 0
1276, 5506, 2, 3, 0, 0, 8.33%, 0, 0, 1, 2022.95, 2064894, 2, 0, 0
1282, 5535, 2, 3, 0, 0, 8.33%, 0, 0, 1, 2205.77, 2075729, 2, 0, 0
1287, 5573, 2, 3, 0, 0, 8.33%, 0, 0, 1, 2820.67, 2090184, 2, 0, 0
1292, 5622, 2, 3, 0, 0, 8.33%, 0, 0, 1, 3491.28, 2108423, 2, 0, 0
1297, 5664, 2, 3, 0, 0, 8.33%, 0, 0, 1, 3312.75, 2124171, 2, 0, 0
1302, 5684, 2, 3, 0, 0, 8.33%, 0, 0, 1, 3074.65, 2131814, 2, 0, 0
1307, 5731, 2, 3, 0, 0, 8.33%, 0, 0, 1, 3519.39, 2149224, 2, 0, 0
1312, 5773, 2, 3, 0, 0, 8.33%, 0, 0, 1, 3094.42, 2165192, 2, 0, 0
1317, 5817, 2, 3, 0, 0, 8.33%, 0, 0, 1, 3085.02, 2181615, 2, 0, 0
1322, 5869, 2, 3, 0, 0, 8.33%, 0, 0, 1, 3661.22, 2201127, 2, 0, 0
1328, 5916, 2, 3, 0, 0, 8.33%, 0, 0, 1, 3433.19, 2218898, 2, 0, 0
1335, 5937, 2, 3, 0, 0, 8.33%, 0, 0, 1, 130.79, 2226656, 2, 0, 0
1341, 5985, 2, 3, 0, 0, 8.33%, 0, 0, 1, 3086.89, 2244704, 2, 0, 0
1346, 6035, 2, 3, 0, 0, 8.33%, 0, 0, 1, 3642.30, 2263228, 2, 0, 0
1351, 6071, 2, 3, 0, 0, 8.33%, 0, 0, 1, 2987.21, 2277029, 2, 0, 0
1356, 6107, 2, 3, 0, 0, 8.33%, 0, 0, 1, 2661.92, 2290208, 2, 0, 0
1361, 6133, 2, 3, 0, 0, 8.33%, 0, 0, 1, 1965.99, 2300279, 2, 0, 0
1366, 6147, 2, 3, 0, 0, 8.33%, 0, 0, 1, 1067.35, 2305379, 2, 0, 0
1371, 6151, 2, 3, 0, 0, 8.33%, 0, 0, 1, 1604.69, 2307029, 2, 0, 0
1376, 6179, 2, 3, 0, 0, 8.33%, 0, 0, 1, 2149.02, 2317346, 2, 0, 0
1381, 6214, 2, 3, 0, 0, 8.33%, 0, 0, 1, 2380.08, 2330478, 2, 0, 0
1386, 6237, 2, 3, 0, 0, 8.33%, 0, 0, 1, 1784.19, 2339089, 2, 0, 0
1391, 6272, 2, 3, 0, 0, 8.33%, 0, 0, 1, 2460.25, 2352230, 2, 0, 0
1397, 6299, 2, 3, 0, 0, 8.33%, 0, 0, 1, 2104.57, 2362198, 2, 0, 0
1402, 6321, 2, 3, 0, 0, 8.33%, 0, 0, 1, 1790.02, 2370779, 2, 0, 0
1407, 6329, 2, 3, 0, 0, 8.33%, 0, 0, 1, 937.67, 2373627, 2, 0, 0
1412, 6352, 2, 3, 0, 0, 8.33%, 0, 0, 1, 1545.86, 2382061, 2, 0, 0
1417, 6384, 2, 3, 0, 0, 8.33%, 0, 0, 1, 2319.64, 2394329, 2, 0, 0
1422, 6424, 2, 3, 0, 0, 8.33%, 0, 0, 1, 2657.06, 2409104, 2, 0, 0
1427, 6444, 2, 3, 0, 0, 8.33%, 0, 0, 1, 1668.32, 2416821, 2, 0, 0
1432, 6474, 2, 3, 0, 0, 8.33%, 0, 0, 1, 2252.41, 2427929, 2, 0, 0
1437, 6514, 2, 3, 0, 0, 8.33%, 0, 0, 1, 2738.04, 2442909, 2, 0, 0
1442, 6532, 2, 3, 0, 0, 8.33%, 0, 0, 1, 3212.61, 2449595, 2, 0, 0
1447, 6570, 2, 3, 0, 0, 8.33%, 0, 0, 1, 2823.08, 2463835, 2, 0, 0
1452, 6605, 2, 3, 0, 0, 8.33%, 0, 0, 1, 2617.39, 2477129, 2, 0, 0
1458, 6650, 2, 3, 0, 0, 8.33%, 0, 0, 1, 3209.43, 2494143, 2, 0, 0
1463, 6675, 2, 3, 0, 0, 8.33%, 0, 0, 1, 1801.23, 2503188, 2, 0, 0
1468, 6702, 2, 3, 0, 0, 8.33%, 0, 0, 1, 1823.45, 2513654, 2, 0, 0
1473, 6721, 2, 3, 0, 0, 8.33%, 0, 0, 1, 1444.04, 2520629, 2, 0, 0
1478, 6733, 2, 3, 0, 0, 8.33%, 0, 0, 1, 2035.23, 2524946, 2, 0, 0
1483, 6766, 2, 3, 0, 0, 8.33%, 0, 0, 1, 2315.83, 2537627, 2, 0, 0
1488, 6803, 2, 3, 0, 0, 8.33%, 0, 0, 1, 2545.86, 2551280, 2, 0, 0
1493, 6821, 2, 3, 0, 0, 8.33%, 0, 0, 1, 1438.38, 2558279, 2, 0, 0
1499, 6857, 2, 3, 0, 0, 8.33%, 0, 0, 1, 2469.29, 2571604, 2, 0, 0
1504, 6895, 2, 3, 0, 0, 8.33%, 0, 0, 1, 2767.36, 2586009, 2, 0, 0
1512, 6935, 2, 3, 0, 0, 8.33%, 0, 0, 1, 97.49, 2600936, 2, 0, 0
1517, 6969, 2, 3, 0, 0, 8.33%, 0, 0, 1, 2732.90, 2613610, 2, 0, 0
1522, 7003, 2, 3, 0, 0, 8.33%, 0, 0, 1, 2415.37, 2626304, 2, 0, 0
1527, 7028, 2, 3, 0, 0, 8.33%, 0, 0, 1, 2127.52, 2635873, 2, 0, 0
1532, 7051, 2, 3, 0, 0, 8.33%, 0, 0, 1, 1698.74, 2644448, 2, 0, 0
1537, 7079, 2, 3, 0, 0, 8.33%, 0, 0, 1, 2209.88, 2654954, 2, 0, 0
1542, 7119, 2, 3, 0, 0, 8.33%, 0, 0, 1, 2752.35, 2669879, 2, 0, 0
1547, 7130, 2, 3, 0, 0, 8.33%, 0, 0, 1, 1558.00, 2673988, 2, 0, 0
1553, 7166, 2, 3, 0, 0, 8.33%, 0, 0, 1, 2393.34, 2687552, 2, 0, 0
1558, 7203, 2, 3, 0, 0, 8.33%, 0, 0, 1, 2699.96, 2701357, 2, 0, 0
1563, 7230, 2, 3, 0, 0, 8.33%, 0, 0, 1, 1847.31, 2711427, 2, 0, 0
1568, 7258, 2, 3, 0, 0, 8.33%, 0, 0, 1, 2167.86, 2722079, 2, 0, 0
1573, 7298, 2, 3, 0, 0, 8.33%, 0, 0, 1, 2776.75, 2736909, 2, 0, 0
1578, 7340, 2, 3, 0, 0, 8.33%, 0, 0, 1, 3065.51, 2752815, 2, 0, 0
1583, 7358, 2, 3, 0, 0, 8.33%, 0, 0, 1, 2181.15, 2759396, 2, 0, 0
1589, 7397, 2, 3, 0, 0, 8.33%, 0, 0, 1, 2742.66, 2774054, 2, 0, 0
1594, 7431, 2, 3, 0, 0, 8.33%, 0, 0, 1, 2493.56, 2786954, 2, 0, 0
1599, 7469, 2, 3, 0, 0, 8.33%, 0, 0, 1, 2697.55, 2801183, 2, 0, 0
1604, 7500, 2, 3, 0, 0, 8.33%, 0, 0, 1, 2269.85, 2812574, 2, 0, 0
1609, 7532, 2, 3, 0, 0, 8.33%, 0, 0, 1, 2481.27, 2824878, 2, 0, 0
1614, 7571, 2, 3, 0, 0, 8.33%, 0, 0, 1, 2752.18, 2839285, 2, 0, 0
1619, 7591, 2, 3, 0, 0, 8.33%, 0, 0, 1, 3430.56, 2846798, 2, 0, 0
1624, 7635, 2, 3, 0, 0, 8.33%, 0, 0, 1, 3285.79, 2863521, 2, 0, 0
1629, 7678, 2, 3, 0, 0, 8.33%, 0, 0, 1, 3154.75, 2879417, 2, 0, 0
1635, 7725, 2, 3, 0, 0, 8.33%, 0, 0, 1, 3362.12, 2897121, 2, 0, 0
1640, 7752, 2, 3, 0, 0, 8.33%, 0, 0, 1, 2193.12, 2907254, 2, 0, 0
1645, 7780, 2, 3, 0, 0, 8.33%, 0, 0, 1, 2048.87, 2917679, 2, 0, 0
1652, 7812, 2, 3, 0, 0, 8.33%, 0, 0, 1, 144.18, 2929577, 2, 0, 0
1658, 7848, 2, 3, 0, 0, 8.33%, 0, 0, 1, 2777.30, 2943085, 2, 0, 0
1663, 7875, 2, 3, 0, 0, 8.33%, 0, 0, 1, 2437.45, 2953353, 2, 0, 0
1668, 7905, 2, 3, 0, 0, 8.33%, 0, 0, 1, 520.89, 2964741, 2, 0, 0
1673, 7941, 2, 3, 0, 0, 8.33%, 0, 0, 1, 2334.20, 2977979, 2, 0, 0
1678, 7987, 2, 3, 0, 0, 8.33%, 0, 0, 1, 3203.29, 2995443, 2, 0, 0
1683, 8028, 2, 3, 0, 0, 8.33%, 0, 0, 1, 2976.24, 3010890, 2, 0, 0
1689, 8041, 2, 3, 0, 0, 8.33%, 0, 0, 1, 3117.01, 3015694, 2, 0, 0
1694, 8075, 2, 3, 0, 0, 8.33%, 0, 0, 1, 2839.61, 3028363, 2, 0, 0
1699, 8112, 2, 3, 0, 0, 8.33%, 0, 0, 1, 2680.91, 3042179, 2, 0, 0
1704, 8155, 2, 3, 0, 0, 8.33%, 0, 0, 1, 3054.75, 3058515, 2, 0, 0
1709, 8197, 2, 3, 0, 0, 8.33%, 0, 0, 1, 2968.65, 3074190, 2, 0, 0
1714, 8230, 2, 3, 0, 0, 8.33%, 0, 0, 1, 2593.13, 3086429, 2, 0, 0
1719, 8269, 2, 3, 0, 0, 8.33%, 0, 0, 1, 2801.42, 3101036, 2, 0, 0
1724, 8286, 2, 3, 0, 0, 8.33%, 0, 0, 1, 3030.05, 3107343, 2, 0, 0
1729, 8324, 2, 3, 0, 0, 8.33%, 0, 0, 1, 2862.41, 3121904, 2, 0, 0
1734, 8360, 2, 3, 0, 0, 8.33%, 0, 0, 1, 2490.68, 3135379, 2, 0, 0
1740, 8405, 2, 3, 0, 0, 8.33%, 0, 0, 1, 3210.70, 3152204, 2, 0, 0
1745, 8425, 2, 3, 0, 0, 8.33%, 0, 0, 1, 1391.61, 3159657, 2, 0, 0
1750, 8451, 2, 3, 0, 0, 8.33%, 0, 0, 1, 1611.23, 3169454, 2, 0, 0
1755, 8477, 2, 3, 0, 0, 8.33%, 0, 0, 1, 2103.91, 3179279, 2, 0, 0
1760, 8494, 2, 3, 0, 0, 8.33%, 0, 0, 1, 3153.07, 3185504, 2, 0, 0
1765, 8540, 2, 3, 0, 0, 8.33%, 0, 0, 1, 3277.87, 3202894, 2, 0, 0
1770, 8585, 2, 3, 0, 0, 8.33%, 0, 0, 1, 3339.36, 3219471, 2, 0, 0
1775, 8611, 2, 3, 0, 0, 8.33%, 0, 0, 1, 2097.56, 3229347, 2, 0, 0
1780, 8646, 2, 3, 0, 0, 8.33%, 0, 0, 1, 2624.22, 3242331, 2, 0, 0
1785, 8690, 2, 3, 0, 0, 8.33%, 0, 0, 1, 3155.78, 3259067, 2, 0, 0
1793, 8731, 2, 3, 0, 0, 8.33%, 0, 0, 1, 97.11, 3274445, 2, 0, 0
1798, 8773, 2, 3, 0, 0, 8.33%, 0, 0, 1, 2988.91, 3290279, 2, 0, 0
1803, 8817, 2, 3, 0, 0, 8.33%, 0, 0, 1, 3233.00, 3306768, 2, 0, 0
1809, 8863, 2, 3, 0, 0, 8.33%, 0, 0, 1, 3299.31, 3323721, 2, 0, 0
1814, 8891, 2, 3, 0, 0, 8.33%, 0, 0, 1, 2270.19, 3334275, 2, 0, 0
1819, 8929, 2, 3, 0, 0, 8.33%, 0, 0, 1, 2615.94, 3348756, 2, 0, 0
1824, 8974, 2, 3, 0, 0, 8.33%, 0, 0, 1, 3307.36, 3365420, 2, 0, 0
1829, 8988, 2, 3, 0, 0, 8.33%, 0, 0, 1, 2890.84, 3370663, 2, 0, 0
1834, 9028, 2, 3, 0, 0, 8.33%, 0, 0, 1, 2878.73, 3385679, 2, 0, 0
1839, 9065, 2, 3, 0, 0, 8.33%, 0, 0, 1, 2643.91, 3399458, 2, 0, 0
1844, 9078, 2, 3, 0, 0, 8.33%, 0, 0, 1, 945.00, 3404393, 2, 0, 0
1849, 9099, 2, 3, 0, 0, 8.33%, 0, 0, 1, 1587.96, 3412185, 2, 0, 0
1855, 9130, 2, 3, 0, 0, 8.33%, 0, 0, 1, 2299.30, 3424004, 2, 0, 0
1860, 9168, 2, 3, 0, 0, 8.33%, 0, 0, 1, 2892.37, 3438179, 2, 0, 0
1865, 9186, 2, 3, 0, 0, 8.33%, 0, 0, 1, 2649.07, 3445079, 2, 0, 0
1870, 9226, 2, 3, 0, 0, 8.33%, 0, 0, 1, 2884.95, 3459929, 2, 0, 0
1875, 9266, 2, 3, 0, 0, 8.33%, 0, 0, 1, 3046.14, 3474990, 2, 0, 0
1880, 9305, 2, 3, 0, 0, 8.33%, 0, 0, 1, 2938.81, 3489540, 2, 0, 0
1885, 9331, 2, 3, 0, 0, 8.33%, 0, 0, 1, 2092.49, 3499379, 2, 0, 0
1890, 9377, 2, 3, 0, 0, 8.33%, 0, 0, 1, 3278.85, 3516769, 2, 0, 0
1895, 9408, 2, 3, 0, 0, 8.33%, 0, 0, 1, 2348.49, 3528378, 2, 0, 0
1901, 9426, 2, 3, 0, 0, 8.33%, 0, 0, 1, 2551.63, 3535129, 2, 0, 0
1906, 9465, 2, 3, 0, 0, 8.33%, 0, 0, 1, 2681.87, 3549686, 2, 0, 0
1911, 9500, 2, 3, 0, 0, 8.33%, 0, 0, 1, 2596.43, 3562881, 2, 0, 0
1916, 9536, 2, 3, 0, 0, 8.33%, 0, 0, 1, 2574.06, 3576254, 2, 0, 0
1921, 9580, 2, 3, 0, 0, 8.33%, 0, 0, 1, 3247.53, 3592744, 2, 0, 0
1926, 9622, 2, 3, 0, 0, 8.33%, 0, 0, 1, 3193.61, 3608644, 2, 0, 0
1934, 9662, 2, 3, 0, 0, 8.33%, 0, 0, 1, 166.40, 3623490, 2, 0, 0
1939, 9705, 2, 3, 0, 0, 8.33%, 0, 0, 1, 3217.04, 3639693, 2, 0, 0
1944, 9749, 2, 3, 0, 0, 8.33%, 0, 0, 1, 3261.87, 3656272, 2, 0, 0
1949, 9782, 2, 3, 0, 0, 8.33%, 0, 0, 1, 2357.37, 3668579, 2, 0, 0
1954, 9811, 2, 3, 0, 0, 8.33%, 0, 0, 1, 2325.87, 3679501, 2, 0, 0
1959, 9851, 2, 3, 0, 0, 8.33%, 0, 0, 1, 2575.51, 3694206, 2, 0, 0
2013, 9865, 2, 3, 0, 0, 8.33%, 0, 0, 1, 0.52, 3699704, 2, 0, 0
2019, 9933, 2, 3, 0, 0, 8.33%, 0, 0, 1, 4960.60, 3725129, 2, 0, 0
2031, 9971, 2, 3, 0, 0, 8.33%, 0, 0, 1, 0.10, 3739230, 2, 0, 0
2039, 10016, 2, 3, 0, 0, 8.33%, 0, 0, 1, 101.20, 3756329, 2, 0, 0
2044, 10055, 2, 3, 0, 0, 8.33%, 0, 0, 1, 2970.44, 3770863, 2, 0, 0
2049, 10095, 2, 3, 0, 0, 8.33%, 0, 0, 1, 2902.07, 3785938, 2, 0, 0
2055, 10142, 2, 3, 0, 0, 8.33%, 0, 0, 1, 3281.07, 3803419, 2, 0, 0
2060, 10184, 2, 3, 0, 0, 8.33%, 0, 0, 1, 3190.62, 3819168, 2, 0, 0
2065, 10220, 2, 3, 0, 0, 8.33%, 0, 0, 1, 2028.02, 3832829, 2, 0, 0
2070, 10236, 2, 3, 0, 0, 8.33%, 0, 0, 1, 993.87, 3838829, 2, 0, 0
2075, 10252, 2, 3, 0, 0, 8.33%, 0, 0, 1, 3491.27, 3844749, 2, 0, 0
2080, 10281, 2, 3, 0, 0, 8.33%, 0, 0, 1, 2489.74, 3855680, 2, 0, 0
2085, 10309, 2, 3, 0, 0, 8.33%, 0, 0, 1, 2037.98, 3866021, 2, 0, 0
2090, 10332, 2, 3, 0, 0, 8.33%, 0, 0, 1, 1835.05, 3874677, 2, 0, 0
2095, 10358, 2, 3, 0, 0, 8.33%, 0, 0, 1, 1904.89, 3884391, 2, 0, 0
2100, 10381, 2, 3, 0, 0, 8.33%, 0, 0, 1, 1737.94, 3893050, 2, 0, 0
2106, 10407, 2, 3, 0, 0, 8.33%, 0, 0, 1, 1753.28, 3902877, 2, 0, 0
2111, 10426, 2, 3, 0, 0, 8.33%, 0, 0, 1, 773.10, 3909794, 2, 0, 0
2116, 10441, 2, 3, 0, 0, 8.33%, 0, 0, 1, 307.12, 3915600, 2, 0, 0
2121, 10460, 2, 3, 0, 0, 8.33%, 0, 0, 1, 1285.71, 3922728, 2, 0, 0
2126, 10490, 2, 3, 0, 0, 8.33%, 0, 0, 1, 2354.61, 3934154, 2, 0, 0
2131, 10526, 2, 3, 0, 0, 8.33%, 0, 0, 1, 2558.00, 3947482, 2, 0, 0
2136, 10559, 2, 3, 0, 0, 8.33%, 0, 0, 1, 2524.13, 3959729, 2, 0, 0
2141, 10587, 2, 3, 0, 0, 8.33%, 0, 0, 1, 2129.73, 3970197, 2, 0, 0
2146, 10595, 2, 3, 0, 0, 8.33%, 0, 0, 1, 1661.90, 3973373, 2, 0, 0
2152, 10623, 2, 3, 0, 0, 8.33%, 0, 0, 1, 1795.60, 3983725, 2, 0, 0
2157, 10647, 2, 3, 0, 0, 8.33%, 0, 0, 1, 1758.13, 3992765, 2, 0, 0
2162, 10673, 2, 3, 0, 0, 8.33%, 0, 0, 1, 1893.97, 4002779, 2, 0, 0
2167, 10699, 2, 3, 0, 0, 8.33%, 0, 0, 1, 1804.19, 4012225, 2, 0, 0
2172, 10735, 2, 3, 0, 0, 8.33%, 0, 0, 1, 2563.43, 4025779, 2, 0, 0
2177, 10778, 2, 3, 0, 0, 8.33%, 0, 0, 1, 2977.71, 4041929, 2, 0, 0
2182, 10794, 2, 3, 0, 0, 8.33%, 0, 0, 1, 2443.94, 4048053, 2, 0, 0
2184, 10809, 2, 3, 0, 0, 8.33%, 0, 0, 1, 2883.61, 4053572, 2, 0, 0
